# x; y
       800   0.059842 
       900   0.044785 
      1000   0.035648 
      1100   0.026819 
      1200   0.022117 
      1300   0.021131 
      1400   0.018992 
      1500   0.016608 
      1600   0.014107 
      1700   0.015677 
      1800   0.017544 
      1900   0.017589 
      2000   0.015541 
      2100   0.014498 
      2200   0.014228 
      2300   0.014622 
      2400   0.014177 
      2500   0.013337 
      2600   0.013127 
      2700   0.013602 
      2800    0.01423 
      2900   0.015061 
      3000   0.016949 
