# x; y; band 0 low; band 0 high; band 1 low; band 1 high
       800    0.11826   0.060648    0.22215   0.08295    0.16327
       900   0.089594   0.044942    0.16984  0.063795    0.12527
      1000   0.068439   0.035963    0.13177  0.048663   0.097181
      1100   0.051348   0.026679   0.096596  0.036245   0.071728
      1200   0.041003   0.020748   0.081687  0.028849   0.058506
      1300   0.035297   0.017687   0.072651  0.024427   0.050452
      1400   0.032178   0.016261   0.065587  0.022333   0.046377
      1500   0.028693   0.013722   0.056877  0.019542   0.040947
      1600   0.025034   0.011781   0.049788   0.01699   0.036353
      1700   0.022623   0.010628    0.04463  0.015212   0.032384
      1800   0.020363  0.0093048   0.041391  0.013584   0.029423
      1900   0.018415  0.0087214   0.038362  0.012521   0.027787
      2000   0.017892  0.0080809   0.039482  0.011974   0.026945
      2100   0.016939  0.0073632   0.037177  0.011043   0.025403
      2200   0.015784  0.0068112   0.034671  0.010493   0.023898
      2300   0.015077  0.0067024   0.031725  0.010116   0.022461
      2400   0.014001  0.0063518   0.031554 0.0093902   0.020978
      2500   0.012757  0.0057791   0.028512 0.0087429   0.019415
      2600   0.012395  0.0055136   0.028699 0.0085575   0.019462
      2700    0.01272  0.0059366   0.029758 0.0085284   0.019741
      2800   0.013814  0.0061937   0.032511 0.0091706   0.021321
      2900   0.015021  0.0070404   0.034931   0.01032   0.023286
      3000   0.016362  0.0074726   0.038682  0.011328   0.025651
