# x; y
       800   0.077843 
       900   0.051508 
      1000    0.04604 
      1100   0.037124 
      1200   0.031299 
      1300   0.030186 
      1400   0.029191 
      1500   0.028885 
      1600   0.027588 
      1700   0.027346 
      1800   0.025473 
      1900   0.023668 
      2000   0.019892 
      2100   0.015922 
      2200   0.015744 
      2300    0.01453 
      2400   0.014672 
      2500   0.014147 
      2600   0.014716 
      2700   0.015249 
      2800   0.016086 
      2900   0.018078 
      3000   0.019391 
