# x; y; band 0 low; band 0 high; band 1 low; band 1 high
       800    0.18202    0.10052    0.35198    0.1284    0.26264
       900    0.13941   0.073815    0.29297  0.099361    0.21054
      1000   0.096698   0.050477    0.19562  0.069686    0.13656
      1100   0.073872   0.040063    0.13864  0.052011    0.10246
      1200   0.060534    0.03271    0.11903  0.043403   0.086407
      1300   0.050583   0.027435    0.09854  0.036278   0.072378
      1400   0.044653   0.023102   0.087829  0.031652   0.065135
      1500   0.039728    0.01936   0.080595  0.027441   0.057142
      1600   0.035123   0.017104   0.072482  0.024002   0.051445
      1700   0.031013   0.015356   0.063207  0.021496   0.045665
      1800   0.027335   0.013181   0.058813  0.018835   0.039334
      1900   0.025804    0.01229   0.054791  0.017525   0.037252
      2000   0.024904   0.011435   0.052855  0.016792    0.03775
      2100   0.024765   0.011338   0.053262  0.016542   0.037597
      2200   0.023462   0.010375   0.051145  0.015606   0.035335
      2300    0.02165  0.0095593   0.048929  0.014276   0.033145
      2400   0.019737   0.008738   0.042372  0.012742   0.028739
      2500   0.017821  0.0078009   0.039674  0.011715   0.026831
      2600   0.017019  0.0077056   0.037595  0.011004   0.025912
      2700   0.017257  0.0076236    0.03866  0.011257   0.025963
      2800   0.018354  0.0082386   0.041544  0.011944   0.028441
      2900   0.020104  0.0091571   0.044967  0.013191   0.031176
      3000     0.0222   0.010014   0.049048  0.014799   0.034056
