# x; y; band 0 low; band 0 high; band 1 low; band 1 high
       800    0.20196    0.10436     0.4181   0.14436    0.28725
       900    0.13638   0.075803    0.26422  0.097414    0.19449
      1000    0.10706    0.05607    0.20284  0.074663    0.14952
      1100   0.076167   0.038378    0.14404  0.054176    0.10535
      1200    0.06725   0.032516    0.13234  0.048085   0.095447
      1300   0.064271   0.030316    0.12616   0.04515   0.092173
      1400   0.058365   0.026712    0.12289  0.040271   0.085487
      1500    0.05009   0.024565    0.10116  0.035103   0.072777
      1600   0.041924   0.021512   0.083168  0.028504   0.059652
      1700   0.037351    0.01925   0.073906  0.025945   0.055203
      1800   0.033241   0.017517   0.068977  0.023564   0.051123
      1900   0.030993   0.015663   0.062749   0.02109   0.046196
      2000   0.029537    0.01504   0.060779  0.020487   0.043866
      2100   0.027312   0.013781   0.058865  0.018419   0.039907
      2200   0.026763   0.012695   0.058985  0.017747   0.039688
      2300   0.026917   0.012265   0.057896  0.018399   0.040493
      2400   0.026678   0.012066   0.058051  0.018337    0.04023
      2500   0.025202    0.01195   0.054585   0.01764   0.038177
      2600   0.025732   0.012239   0.055051  0.017213    0.03924
      2700   0.026709   0.012093   0.056019  0.017386    0.03982
      2800   0.028701   0.013417   0.060305  0.019033   0.042419
      2900   0.031082   0.013946   0.065952  0.020567   0.046291
      3000    0.03497   0.015953   0.073678  0.023198   0.052203
