# x; y
       800    0.15685 
       900    0.13494 
      1000   0.089641 
      1100   0.060851 
      1200   0.067649 
      1300   0.064111 
      1400   0.046201 
      1500   0.029142 
      1600   0.024067 
      1700   0.024171 
      1800   0.027867 
      1900    0.02838 
      2000   0.027381 
      2100   0.027304 
      2200   0.028995 
      2300    0.03097 
      2400   0.029751 
      2500   0.028377 
      2600   0.028763 
      2700   0.028076 
      2800   0.029914 
      2900   0.032504 
      3000   0.035487 
