       800     0.1152   0.061219    0.23322  0.082547    0.16533
       900   0.089007   0.045768    0.17163  0.062048     0.1238
      1000   0.068069   0.036249    0.13764  0.048474   0.097133
      1100   0.051049   0.026588   0.095663  0.035494   0.072837
      1200   0.040954   0.020962   0.078586  0.028508    0.05736
      1300   0.034439   0.017672   0.067712  0.024024   0.050414
      1400   0.031753   0.015484   0.065741  0.021805   0.045044
      1500     0.0277   0.013325   0.058838  0.018748   0.040694
      1600   0.024229     0.0114   0.051159  0.016368   0.035446
      1700   0.021966   0.010505   0.046784  0.014961   0.032078
      1800   0.019719  0.0091866   0.042065  0.013635   0.029462
      1900   0.018298  0.0087104   0.038555  0.012474   0.027215
      2000   0.017242  0.0082355   0.037544  0.011787   0.025861
      2100   0.016286  0.0078134   0.035518  0.010954   0.024783
      2200   0.016197  0.0077729   0.038337  0.010542   0.024561
      2300   0.015629  0.0070841   0.034704  0.010075   0.023997
      2400   0.014566  0.0063296   0.035109 0.0094334   0.023024
      2500   0.014387  0.0061629   0.034628 0.0093704    0.02216
      2700   0.015129  0.0064383   0.038421  0.010044   0.023988
      2800   0.016612  0.0071981   0.041292  0.011175   0.026071
      2900   0.018473  0.0078177   0.045122  0.012142   0.029229
