# x; y
       800   0.059463 
       900    0.04696 
      1000   0.036269 
      1100   0.025646 
      1200   0.021678 
      1300   0.021049 
      1400   0.019121 
      1500   0.015717 
      1600   0.015099 
      1700   0.015372 
      1800    0.01792 
      1900   0.017236 
      2000   0.015076 
      2100   0.014821 
      2200   0.015099 
      2300   0.015083 
      2400   0.013862 
      2500   0.013543 
      2600     0.0139 
      2700   0.014658 
      2800   0.016653 
      2900   0.018024 
      3000   0.019263 
