# x; y; band 0 low; band 0 high; band 1 low; band 1 high
       800    0.11304   0.061868    0.21692  0.082007    0.16211
       900   0.088145   0.047102    0.16522  0.063066    0.12423
      1000   0.067378   0.036635    0.12555  0.048394   0.096026
      1100   0.050306   0.026618   0.095531  0.035733   0.069546
      1200   0.041192   0.020846   0.076805  0.029086   0.057231
      1300   0.035194   0.018035   0.068204   0.02473    0.04945
      1400   0.032478   0.015339   0.064141  0.022243   0.047529
      1500   0.028944   0.014358   0.056146  0.019638    0.04227
      1600   0.024857   0.012734   0.050034  0.017343   0.036156
      1700   0.022211   0.010554   0.044988  0.015285   0.032738
      1800   0.020103  0.0094642   0.041382  0.013806    0.02943
      1900   0.018383  0.0084494   0.039279  0.012517   0.027127
      2000   0.017323  0.0081437   0.036416  0.011853   0.026129
      2100   0.016209  0.0079284   0.035624  0.010994   0.024586
      2200   0.015998  0.0076502   0.035745  0.010753    0.02406
      2300   0.015388   0.006985   0.034491 0.0099029   0.023492
      2400   0.014562  0.0061791   0.031407 0.0094385   0.022063
      2500   0.014345  0.0061336   0.033122  0.009146   0.021723
      2600     0.0145  0.0060564   0.032508 0.0091952   0.021852
      2700   0.015203  0.0065274   0.033833 0.0096856   0.023133
      2800   0.016709  0.0070481   0.036148  0.010751   0.025584
      2900   0.018657  0.0080533   0.042222  0.011636   0.028222
      3000   0.020389  0.0087006    0.04531   0.01318   0.031202
