# x; y
       800   0.079122 
       900   0.051463 
      1000   0.046691 
      1100   0.036688 
      1200    0.02973 
      1300   0.029688 
      1400    0.02946 
      1500   0.029817 
      1600   0.027423 
      1700   0.027279 
      1800   0.025413 
      1900   0.022891 
      2000   0.018185 
      2100   0.016104 
      2200   0.015838 
      2300    0.01503 
      2400   0.015091 
      2500   0.016132 
      2600   0.016062 
      2700   0.018632 
      2800   0.019418 
      2900   0.021036 
      3000    0.02281 
