# x; y; band 0 low; band 0 high; band 1 low; band 1 high
       800    0.18488   0.095451    0.37287   0.13124    0.25723
       900    0.14278    0.07254    0.28327   0.10232    0.20294
      1000   0.096391    0.05151      0.183  0.069252    0.13794
      1100   0.072087   0.038022    0.14313   0.05235    0.10351
      1200   0.059216   0.031736    0.12296  0.042228    0.08728
      1300   0.049611   0.025694     0.1034   0.03452     0.0719
      1400   0.043265   0.021723   0.087298  0.030728   0.064456
      1500   0.039447    0.01892    0.07703  0.027264   0.056737
      1600   0.034953   0.016331   0.070851  0.023975   0.049695
      1700    0.03123   0.014855   0.064434  0.021412    0.04454
      1800   0.027198   0.013481    0.05642  0.018277   0.039338
      1900   0.025351   0.012578   0.052663  0.016697   0.037548
      2000   0.024317   0.011176   0.049286  0.016233   0.036953
      2100   0.023953   0.010179   0.049873  0.015358   0.036151
      2200   0.023325   0.010018   0.049296  0.014876   0.033898
      2300   0.021308  0.0092667   0.046971  0.013888    0.03192
      2400   0.019655  0.0084218   0.042919  0.012651   0.030318
      2500   0.019402   0.008014   0.046787  0.012457   0.030972
      2600   0.019251   0.008108    0.04602  0.012449   0.030623
      2700   0.020446  0.0086383   0.046813  0.013096   0.032337
      2800   0.022222  0.0090667    0.05142  0.014234    0.03528
      2900    0.02484   0.010429   0.056832   0.01581   0.039193
      3000   0.026977   0.011547   0.061957  0.017129   0.042562
