# x; y
       800    0.15241 
       900    0.13799 
      1000   0.090133 
      1100   0.061045 
      1200   0.064537 
      1300   0.064304 
      1400   0.046092 
      1500   0.028018 
      1600   0.023245 
      1700   0.023669 
      1800   0.028919 
      1900    0.02798 
      2000   0.028468 
      2100    0.02976 
      2200   0.030604 
      2300   0.030212 
      2400   0.028348 
      2500   0.026107 
      2600   0.027089 
      2700   0.027974 
      2800    0.03061 
      2900    0.03183 
      3000   0.036279 
