# x; y; band 0 low; band 0 high; band 1 low; band 1 high
       800    0.20188     0.1036    0.39922   0.13944    0.28436
       900    0.13932   0.073838    0.26686  0.099467    0.19832
      1000    0.10838   0.056162    0.20153  0.075243    0.14932
      1100   0.075174   0.038836    0.14496  0.052791    0.10896
      1200   0.065563   0.031971    0.13074  0.045762   0.095867
      1300   0.062884   0.028752    0.12685  0.041758   0.091199
      1400   0.056189   0.026263    0.11467  0.038253   0.081591
      1500    0.04863   0.024267    0.09846   0.03367   0.070384
      1600   0.041346   0.021264   0.078951  0.029641   0.059699
      1700   0.036842   0.018899    0.06834  0.026951   0.053184
      1800    0.03441   0.016759    0.06543   0.02379   0.047348
      1900   0.031562   0.014747   0.061969  0.021315    0.04415
      2000   0.028789    0.01359   0.060748  0.019762   0.041999
      2100   0.026673   0.013087   0.055857  0.018257   0.039425
      2200   0.026885   0.012716   0.055564  0.018119   0.039123
      2300   0.026833   0.012359   0.056737  0.017893   0.039822
      2400   0.026425   0.011634    0.05771  0.017351    0.03923
      2500   0.025901   0.011532   0.057512  0.016474   0.039306
      2600   0.026938   0.011617   0.061978  0.017474   0.041287
      2700   0.028583   0.012172   0.061869   0.01815   0.043789
      2800    0.03091   0.013203   0.067629  0.020079   0.047757
      2900   0.033828   0.014873   0.073757  0.021656   0.052708
      3000   0.037785   0.016155   0.082853  0.024637   0.059588
