# x; y; band 0 low; band 0 high; band 1 low; band 1 high
       800    0.18369   0.098562    0.36871    0.1314    0.25698
       900    0.14322   0.072719    0.28548   0.10209    0.20032
      1000   0.096961   0.050807    0.17987  0.069309    0.13817
      1100   0.072444   0.039099    0.14248  0.051836    0.10428
      1200   0.059904   0.030968    0.12118  0.041983   0.086198
      1300   0.049724   0.025667    0.10424  0.034508   0.072229
      1400   0.043459   0.021898   0.086589  0.030886   0.064666
      1500   0.038858   0.019355   0.075797  0.027836   0.056362
      1600   0.034764   0.016392   0.070963  0.024316   0.049792
      1700   0.031379   0.015387   0.063801  0.021417    0.04445
      1800   0.026814    0.01358   0.055379  0.018386   0.039498
      1900    0.02526   0.012079   0.052507  0.016794   0.037211
      2000   0.023953   0.010992   0.050527  0.016274   0.036623
      2100   0.024034   0.010165   0.049992  0.015631   0.035764
      2200   0.023473  0.0099028   0.049997  0.014923   0.034042
      2300   0.021445  0.0094356   0.046389  0.013823   0.032138
      2400   0.019808  0.0083688   0.044991  0.012617   0.030868
      2500   0.019569  0.0081846   0.047634  0.012468   0.030946
      2600   0.019512  0.0080969   0.044604  0.012299   0.030657
      2700   0.020509  0.0087756   0.045951  0.012974   0.031973
      2800   0.022077   0.008996   0.051477  0.014029    0.03444
      2900   0.024815   0.010069   0.056246  0.015665   0.038814
      3000   0.027172   0.010898   0.062536   0.01765   0.042373
