# x; y
       800   0.077227 
       900   0.051368 
      1000   0.045635 
      1100   0.036592 
      1200   0.030528 
      1300   0.031094 
      1400   0.030935 
      1500   0.028916 
      1600   0.027412 
      1700   0.026791 
      1800   0.026157 
      1900      0.023 
      2000   0.018046 
      2100   0.015505 
      2200    0.01537 
      2300   0.015526 
      2400   0.016147 
      2500   0.016398 
      2600   0.016496 
      2700   0.017668 
      2800   0.020017 
      2900    0.02135 
      3000   0.023562 
