       800   0.086054 
       900   0.053339 
      1000   0.047246 
      1100   0.036758 
      1200   0.030425 
      1300   0.030132 
      1400   0.030651 
      1500   0.029896 
      1600   0.028853 
      1700   0.028031 
      1800   0.027688 
      1900   0.024318 
      2000   0.020067 
      2100   0.016619 
      2200   0.015892 
      2300   0.015772 
      2400   0.014747 
      2500   0.014967 
      2600    0.01445 
      2700    0.01489 
      2800    0.01584 
      2900   0.017607 
      3000   0.018901 
