       800   0.083081 
       900   0.053372 
      1000   0.045059 
      1100   0.037474 
      1200   0.030051 
      1300   0.030061 
      1400   0.029639 
      1500   0.029006 
      1600   0.027485 
      1700   0.027743 
      1800   0.027677 
      1900   0.024297 
      2000   0.020506 
      2100   0.017628 
      2200   0.015115 
      2300   0.015843 
      2400   0.015581 
      2500   0.014971 
      2600      0.015 
      2700   0.015646 
      2800   0.016202 
      2900   0.018604 
      3000   0.019991 
