       800    0.18591   0.098397    0.37682   0.13198    0.26515
       900    0.13055   0.064398    0.24578  0.091792    0.18423
      1000    0.10524   0.052576    0.19322  0.073769    0.14642
      1100   0.075086   0.038438    0.13562  0.052032    0.10438
      1200   0.067755   0.032641     0.1277  0.045804   0.094617
      1300   0.063182    0.03039    0.12453  0.042449   0.094368
      1400    0.05686   0.025774    0.11254  0.037584   0.080775
      1500   0.048157   0.024854   0.092041  0.033371   0.067501
      1600   0.041141   0.021681   0.078966  0.028838   0.057666
      1700   0.036356    0.01972   0.075087  0.026023   0.052068
      1800   0.033241   0.017666   0.066747  0.023508   0.048535
      1900   0.030272    0.01504   0.061707  0.021294   0.045092
      2000   0.028776   0.013717   0.059728  0.019598   0.042709
      2100   0.026229   0.012297   0.058451  0.017584   0.038542
      2200   0.025259   0.011972    0.05694  0.016349   0.037783
      2300   0.025829   0.011334   0.057784  0.016552   0.039254
      2400   0.025672   0.011378   0.061414  0.016635   0.039671
      2500   0.025017   0.010943   0.056446  0.016195   0.038107
      2600   0.025444   0.011156   0.056886    0.0164   0.038511
      2700   0.026061   0.011918   0.060146  0.016931   0.039821
      2800   0.028029   0.012619   0.062603  0.018392   0.043361
      2900   0.031019   0.013532   0.067917    0.0199   0.047013
      3000   0.034228   0.015502   0.074449  0.022476   0.052454
