       800     0.1433 
       900    0.12523 
      1000    0.08973 
      1100   0.062657 
      1200   0.065277 
      1300    0.06509 
      1400   0.043944 
      1500   0.028384 
      1600   0.021798 
      1700    0.02198 
      1800    0.02674 
      1900   0.026676 
      2000   0.025926 
      2100   0.025491 
      2200   0.027046 
      2300   0.028747 
      2400   0.028435 
      2500   0.027226 
      2600   0.027382 
      2700    0.02714 
      2800   0.028773 
      2900   0.031649 
      3000   0.034994 
